0 0.200192 0.140659 0.310728 0.259559
1 0.519157 0.158377 0.261303 0.226609
2 0.744828 0.223345 0.179310 0.163196
3 0.133716 0.530308 0.262835 0.264221
4 0.438314 0.343799 0.422989 0.131178
5 0.774904 0.374262 0.159770 0.129935
6 0.378161 0.515387 0.222989 0.094498
7 0.178161 0.795151 0.179310 0.172210
8 0.731801 0.663040 0.177778 0.087659
9 0.690805 0.506372 0.273563 0.123096
10 0.913793 0.529220 0.172414 0.208579
11 0.431418 0.660242 0.302682 0.148586
13 0.770115 0.859963 0.399234 0.242151
12 0.395211 0.895555 0.257088 0.179671
